9.898000
10.094000
9.800000
9.800000
9.800000
9.898000
9.800000
9.800000
9.800000
9.898000
9.800000
9.800000
9.898000
9.800000
9.800000
9.800000
9.800000
9.800000
9.800000
9.800000
9.800000
9.800000
9.898000
9.800000
9.800000
9.898000
9.800000
9.800000
9.800000
9.800000
9.800000
9.800000
9.800000
9.898000
9.800000
9.800000
9.800000
9.898000
9.800000
9.800000
9.898000
9.800000
9.898000
9.800000
9.898000
9.800000
9.800000
9.800000
9.898000
9.800000
9.800000
9.800000
9.898000
9.800000
9.898000
9.800000
9.800000
9.800000
9.800000
9.898000
9.800000
9.800000
9.800000
9.800000
9.800000
9.800000
9.800000
9.898000
9.800000
9.898000
9.898000
9.800000
9.898000
9.898000
9.898000
9.800000
9.800000
9.800000
9.800000
9.800000
9.800000
9.898000
9.800000
9.800000
9.898000
9.898000
9.898000
9.800000
9.800000
9.898000
9.898000
9.800000
9.800000
9.800000
9.898000
9.800000
9.898000
9.898000
9.800000
9.800000
9.800000
9.800000
9.800000
9.800000
9.800000
9.800000
9.702000
9.800000
9.800000
9.800000
9.800000
9.898000
9.898000
9.800000
9.800000
9.898000
9.800000
9.898000
9.800000
9.800000
9.898000
9.800000
9.898000
9.800000
9.898000
9.898000
9.800000
9.800000
9.800000
9.800000
9.702000
9.898000
9.800000
9.800000
9.898000
10.192000
8.036000
12.152000
10.976000
11.270000
9.898000
8.624000
9.604000
5.880000
6.370000
13.328000
9.016000
15.778000
4.606000
11.172000
11.564000
6.664000
10.486000
9.702000
8.624000
10.682000
9.898000
8.918000
10.878000
8.918000
10.290000
9.310000
8.820000
9.702000
7.448000
15.190000
20.090000
33.908001
10.192000
14.406000
10.094000
13.524000
9.114000
11.466000
10.388000
9.702000
9.702000
9.898000
9.800000
9.800000
9.800000
9.800000
9.800000
9.800000
9.800000
9.800000
9.800000
9.800000
9.800000
9.898000
9.800000
9.800000
9.800000
8.330000
8.036000
28.028000
5.684000
13.524000
21.167999
17.247999
24.304001
29.596001
14.504000
8.820000
5.978000
15.484000
17.444000
22.736000
11.760000
33.908001
22.736000
9.506000
21.952000
14.014000
17.542000
9.702000
9.800000
9.800000
9.800000
9.800000
10.584000
9.702000
9.310000
14.210000
13.034000
7.742000
11.368000
6.762000
4.606000
3.724000
7.840000
22.931999
14.994000
10.584000
12.740000
16.170000
12.250000
17.639999
9.604000
5.096000
28.420000
27.341999
12.152000
12.838000
9.800000
6.566000
25.480000
19.698000
22.441999
18.620001
29.988001
21.658001
26.558001
33.908001
26.656000
27.146000
18.718000
12.838000
17.247999
22.540001
11.956000
9.506000
10.192000
10.584000
8.428000
9.898000
10.682000
9.506000
9.408000
9.702000
9.898000
9.800000
9.702000
9.702000
9.800000
9.800000
9.702000
9.702000
9.800000
9.800000
9.702000
9.702000
9.800000
9.800000
9.800000
9.800000
9.800000
9.800000
9.800000
9.702000
9.800000
9.800000
9.702000
9.800000
9.800000
9.702000
9.800000
9.800000
9.800000
9.800000
9.800000
9.800000
9.800000
9.800000
9.800000
9.702000
13.524000
13.818000
15.582000
7.546000
10.584000
9.898000
9.212000
22.931999
28.420000
8.330000
15.876000
20.188000
16.072001
11.074000
10.976000
10.192000
9.702000
10.094000
9.800000
14.994000
15.680000
11.172000
5.194000
5.684000
23.422001
18.228001
10.486000
6.762000
11.270000
14.700000
8.918000
10.094000
9.996000
9.800000
9.898000
9.800000
9.898000
9.800000
9.800000
9.898000
9.800000
9.800000
9.800000
9.800000
9.800000
9.800000
9.800000
9.800000
9.800000
9.800000
9.898000
9.800000
9.898000
9.800000
9.800000
9.898000
9.800000
9.898000
9.800000
9.800000
9.702000
9.800000
9.800000
9.800000
9.800000
9.800000
9.800000
9.800000
9.800000
9.898000
9.800000
9.800000
9.898000
9.800000
9.800000
10.878000
16.170000
16.856001
14.014000
12.740000
16.660000
14.700000
13.622000
22.931999
9.506000
10.290000
9.800000
8.526000
13.720000
9.114000
9.898000
10.584000
9.702000
10.094000
11.858000
11.368000
10.290000
10.976000
8.722000
27.733999
26.068001
9.996000
11.760000
11.368000
8.134000
10.290000
9.016000
9.604000
9.996000
10.486000
9.702000
10.388000
10.192000
9.898000
9.898000
10.388000
10.192000
9.898000
9.702000
9.800000
10.094000
10.094000
10.094000
10.094000
9.898000
10.094000
9.898000
9.702000
10.094000
9.898000
9.898000
9.996000
9.800000
9.408000
11.270000
